1.17696826895378
0.0141960676837959
0.365725865348188
1.94604900133891
1.64913723329053
0.372387837938899
2.96203907061474
2.8924279450635
1.87372000956079
0.52075723506011
1.77850227050225
-0.12591816645186
2.42462401768694
-0.364259984867132
1.64707540602952
3.13283801006199
-1.0021403920062
4.85686754031027
3.10376508547703
1.14537723615206
-2.67619304873342
4.56183645641729
-1.50337986252532
0.240125507920347
2.92527775451203
1.58127784999788
2.42357233398267
-0.279259797346333
0.365858992671669
3.33720914638498
-4.09647721053187
1.53670114633398
2.01193971176356
4.63268947316243
-2.37590957442599
1.84545175852273
2.02183404875325
1.51590971457101
5.81431621504142
0.387731685048234
1.37685930047588
-1.03420369820147
2.92767929827598
1.73802096580186
2.31764620462973
1.86109780916795
3.21966832188165
0.495108925678735
2.02732664434826
1.34445593477706
0.953110953368461
-0.219867522000307
-0.0316605308906839
-1.12973362856277
2.19453421631345
0.572907117327353
1.26881509210588
1.10151076288925
0.160404734922766
2.12810279837909
3.42359722357134
2.55662830067193
-2.29125559099362
-1.65227779478138
4.10972735933612
-0.388150461679831
-1.36320232250669
1.94000480870334
0.282758258852603
-1.469427232927
1.642021641989
-4.22209868621304
2.26923806492658
-0.588041443541804
2.61293134905436
4.92761785024021
-4.01654528899031
0.118388543298268
-0.224308481872779
-1.9680944149546
3.12388237895554
2.66573059182739
-3.11816757089493
2.42332074804896
2.79149010714243
-0.692478004701996
-0.0249316246237588
1.863053624133
0.525726870346166
1.6080610855964
1.35960351412866
2.2146335981414
4.89871494792841
-0.0332704298424586
1.45095449926973
2.95514466779124
0.559814511485887
1.51550007786011
2.08729752804957
3.10133784680675
